1842396,2668813,
202339,202379,202379,202383,202395,202411,202411,202412,202415,202443,202445,202452,202467,202473,202475,202763,1867316,1867323,1867325,
202906,202907,202908,202909,202910, 
203728,2663858,1856743,2663863,2663863,2220570,1797738,2663846,2663846,2663846,2663846,1734030,
721858,721865,203127,202863,202881,1855598,203679,203686,719504,721870,202383,202412,202445,203286,203298,203324,203411,203417,203431,203474,203476,203500,203511,

202357,202437,202448,202453,1774301,1797736,1797736,1836906,1836906,1845548,1845548,1867535,1867535,1867542,1867542,2674584,2674612,2674743


 

